   9.4105645e-01   1.5381413e-01   8.2414936e-01   6.3892375e-01   8.0994682e-01   5.9486520e-01   4.6125298e-01   8.2775013e-01   6.1419303e-01
   6.6156495e-01   9.6179492e-01   2.1823226e-01   7.0265741e-01   6.3780929e-01   5.3512073e-01   1.1004505e-01   6.0323827e-01   2.7328023e-01
   2.1489838e-01   8.7625468e-01   9.9642303e-02   8.6094909e-01   8.9806892e-01   3.3355572e-01   7.8126165e-01   8.1784168e-01   7.4670692e-01
   9.1358980e-01   4.8862928e-01   6.1950582e-01   3.7966242e-01   6.2182119e-01   8.5468258e-01   4.5344356e-01   9.5554717e-01   4.8787195e-01
   3.8019675e-01   4.0707653e-01   1.0381478e-01   7.1212288e-01   4.1460749e-01   2.6564401e-01   2.9710245e-01   6.5037819e-01   7.9237549e-01
   3.4982285e-02   1.2657631e-01   7.9906180e-01   5.2352044e-01   6.4755812e-01   9.3394018e-01   3.5840038e-01   6.2764735e-01   5.2446290e-01
   2.2734510e-01   9.2542528e-01   9.0292512e-01   3.6348944e-01   4.8926892e-01   3.8983412e-01   4.8243604e-01   6.4656333e-01   5.9751153e-01
   9.0688654e-01   5.5811223e-03   3.1251285e-01   4.3467587e-01   9.3755311e-02   6.8306541e-01   4.3122482e-01   6.2133129e-02   2.2003020e-01
   8.6898807e-01   1.8638841e-01   2.8158917e-01   6.8759762e-01   6.3732308e-01   2.7500979e-01   6.9882255e-01   9.3819665e-01   3.6401926e-01
   5.8246867e-01   3.2406103e-01   6.7819413e-03   2.2685115e-01   9.5026152e-01   2.7957732e-02   6.7506649e-01   8.9871644e-01   2.9724203e-01
   5.6078627e-01   5.0186607e-02   4.9587167e-01   9.7900360e-01   4.7637644e-01   9.4061315e-01   6.8709918e-03   6.9485916e-01   8.5161692e-01
   1.0886314e-03   1.4453686e-01   9.8848224e-01   9.7567094e-01   6.0280499e-01   5.3397033e-01   7.8989723e-02   3.1040617e-01   9.7368959e-01
   1.2686211e-01   7.2936944e-01   7.3794075e-01   2.8951380e-01   5.9148268e-01   6.7117330e-01   4.6062662e-01   3.4354561e-01   6.2362160e-01
   2.1464097e-01   4.8227960e-01   3.1071982e-01   3.3843332e-01   2.2526174e-01   6.0753499e-01   7.7753628e-01   7.6229443e-02   8.9227919e-01
   8.2681963e-01   3.3806475e-01   6.0040750e-01   9.9644467e-01   6.6843307e-01   7.5087326e-01   8.1676397e-01   5.1983694e-01   9.8090271e-01
   3.8761428e-01   2.3676705e-01   7.8167983e-01   7.8897053e-01   1.5655172e-01   9.8132211e-01   6.3138804e-01   6.0877732e-01   6.4697910e-01
   3.1807547e-01   4.5086321e-01   1.1153312e-01   7.9492155e-01   7.7425141e-01   7.2766965e-01   3.6487611e-01   7.2715996e-01   7.9881851e-01
   2.6177854e-01   1.8545099e-01   5.7932929e-01   6.3236887e-01   2.1305271e-01   8.5732118e-01   8.8749814e-01   7.3933577e-05   4.0487444e-01
   2.9652398e-01   3.2425481e-01   8.7037122e-01   8.1145079e-01   1.6912358e-01   9.9184284e-01   2.5092683e-01   1.6976627e-01   4.8236443e-01
   4.2817804e-01   2.6397148e-01   6.8977625e-01   4.4809325e-01   7.2575276e-01   7.5946040e-01   6.6119034e-02   4.6329102e-01   6.3892359e-02
   1.9240632e-01   8.3007717e-01   2.4297025e-01   8.3061355e-01   2.5618921e-01   1.4604102e-01   7.2715118e-01   3.6185215e-01   8.0292853e-01
   5.6747834e-01   6.9636005e-01   3.4272225e-01   1.2666331e-01   1.6276663e-01   3.2630526e-01   7.6679753e-01   9.5206561e-01   3.5107100e-01
   6.5766572e-01   3.3353739e-01   5.4543979e-01   5.1326813e-01   6.2577704e-01   2.8786105e-02   8.9832571e-01   9.3219336e-01   8.4927245e-01
   6.8557944e-01   5.8023249e-01   6.7572693e-02   7.1593125e-01   2.5074748e-01   6.9455096e-01   7.6682544e-01   9.5806866e-01   9.9180722e-01
   3.5374039e-01   2.8783820e-01   4.1044840e-01   2.4814635e-01   2.6297811e-01   9.5875692e-01   9.4688345e-01   2.0653842e-01   4.8432395e-01
   9.5679053e-01   2.6397066e-01   2.3751140e-01   5.3190033e-01   8.4392812e-01   7.2904709e-01   5.3573323e-01   1.5970073e-01   3.5636460e-01
   2.4373858e-01   2.5990127e-01   4.8897356e-01   3.8220968e-01   3.9742083e-01   7.3675421e-01   9.5978078e-01   5.7176057e-01   5.4371085e-02
   7.4827171e-01   6.7708004e-01   8.0606659e-01   8.0176124e-01   1.0457863e-01   1.7461063e-01   9.7818833e-01   5.9291919e-01   9.1407706e-01
   3.9022753e-01   5.1982655e-01   3.7784795e-01   6.7086077e-01   1.9385430e-01   3.5540955e-01   5.2210019e-01   6.9861075e-01   7.0496874e-01
   8.4475663e-01   7.6753735e-02   5.1797814e-01   9.8285918e-01   3.6307042e-01   5.7464945e-01   8.4536009e-01   3.0581346e-01   4.3808360e-01
   3.7198398e-01   5.5845255e-02   9.4597889e-02   9.3682133e-01   8.7453428e-01   4.5994527e-01   8.9802651e-01   3.9385134e-01   9.6810903e-01
   7.0760599e-01   2.5872832e-01   9.0909519e-01   5.7627235e-01   5.9977023e-01   8.3372479e-01   9.3122872e-01   3.3688583e-01   7.2382084e-01
   3.4565529e-01   4.3992742e-01   2.0763059e-01   8.0186187e-02   2.5811326e-01   8.1544401e-01   4.5763963e-01   1.2899304e-01   6.5680331e-01
   8.7715791e-01   2.8428912e-01   3.8206452e-01   4.1382484e-01   3.5842764e-01   3.2395174e-01   7.5916157e-01   8.6936356e-02   5.1477159e-01
   7.5052792e-01   6.7876785e-01   6.6028027e-01   1.8084502e-01   8.8754007e-01   4.6168450e-01   9.3879585e-01   5.4894335e-01   8.7705626e-01
   4.3442533e-01   9.4957955e-01   7.5837330e-01   9.9563119e-01   9.0053059e-01   6.7395922e-01   8.1070071e-01   3.1773325e-01   6.0174161e-02
   4.0066070e-01   7.7395509e-01   1.7306941e-01   5.2038619e-01   4.4795215e-01   5.9522647e-01   9.3039196e-01   9.9274758e-01   4.7147765e-01
   3.7293785e-01   6.3613901e-01   5.1737976e-01   8.8528270e-01   2.6885146e-01   1.3438730e-01   4.4695730e-01   7.2356525e-01   3.1101657e-01
   4.4325030e-01   7.5358147e-01   9.9533811e-01   6.4825152e-01   5.5381550e-01   1.9491793e-02   8.3388607e-01   5.7210139e-01   1.9469307e-01
   3.8030740e-01   7.4681660e-01   7.0760941e-01   4.6625359e-01   1.7884760e-01   1.2510845e-01   9.8778112e-01   7.1722717e-01   1.5104954e-01
   7.2712442e-02   5.8603115e-01   8.0567301e-02   9.5280877e-02   8.5970225e-01   2.2327603e-01   3.6963943e-01   9.7655923e-01   9.0142040e-01
   4.4028077e-01   7.7305634e-01   4.3308096e-02   9.6782080e-01   2.3197621e-01   4.4913749e-01   1.7076698e-01   4.2699056e-01   7.0658295e-02
   6.0652677e-01   3.9248826e-01   4.9115556e-01   6.2011141e-01   1.6810527e-01   5.3453155e-01   8.2316541e-01   9.1301377e-01   9.5838772e-01
   3.0478416e-01   6.0529012e-01   4.4659644e-01   1.5600316e-01   2.6722869e-02   9.9038998e-01   5.8705727e-01   8.9731125e-01   6.9988974e-01
   4.0664376e-01   2.4743287e-01   4.8679857e-01   3.9836706e-01   3.2243088e-01   7.1734719e-01   9.6161163e-01   8.3522857e-01   1.2009664e-02
   1.0101181e-01   2.9020220e-01   1.6589112e-01   8.8250495e-01   5.5516455e-01   9.8005748e-01   4.8912932e-01   4.7958171e-02   4.8803993e-03
   4.7688014e-01   1.9332597e-02   3.6065650e-01   5.3901392e-01   8.2452862e-01   5.3737798e-02   2.5352278e-01   3.5928057e-01   8.5329140e-01
   2.9241034e-01   3.4730967e-01   8.8072194e-01   5.4367607e-01   8.0424754e-01   6.3687419e-01   6.7822413e-01   2.9575390e-01   4.6728777e-01
   1.6282554e-02   1.4179575e-01   7.4435218e-01   4.4245252e-01   2.4408218e-02   9.6038190e-01   9.1449178e-01   6.2912562e-01   8.3671866e-01
   8.8441571e-01   4.1153471e-01   4.1677105e-01   1.8374529e-01   3.7150554e-01   2.6992310e-01   6.1707479e-01   1.3618380e-01   2.2062481e-01
   2.1031065e-01   1.5306835e-01   9.0735481e-01   2.4923080e-01   4.9186987e-01   9.4940746e-01   3.2249874e-01   3.7404580e-01   8.0596050e-01
   6.8364430e-01   8.2900891e-01   9.4306874e-02   2.8511155e-01   4.6605224e-01   9.0223426e-01   4.9051193e-01   8.6478170e-01   2.4857944e-01
   1.5439030e-01   7.3919953e-01   1.8132626e-01   5.2950951e-01   4.1713800e-02   1.9464842e-01   4.0745534e-01   2.5027359e-01   9.9827261e-01
   9.7431587e-01   9.8870306e-02   9.4658723e-01   5.5983737e-01   6.1700183e-01   7.3395152e-01   8.3939624e-02   2.9505579e-02   9.3789763e-01
   5.0266235e-01   8.2063309e-01   1.0084906e-01   4.1514568e-01   5.7803292e-01   1.7486123e-01   5.9195952e-01   9.9944897e-01   5.5395635e-01
   8.9140819e-01   2.2711161e-01   3.8803807e-01   9.0568032e-01   2.9880885e-01   1.0514105e-01   8.7901548e-01   6.0514268e-01   9.1269742e-01
   7.2649108e-01   1.0694135e-01   2.8922486e-01   3.0514319e-01   4.3566604e-01   3.1411267e-01   5.5330786e-01   2.4419512e-01   6.3548994e-01
   4.9717965e-01   6.6277596e-01   7.3086861e-02   6.4976968e-01   1.3663303e-01   3.4876566e-01   2.9947107e-01   4.3819527e-01   7.8009573e-01
   6.0721425e-01   9.5457611e-01   1.9460801e-01   2.8878195e-01   2.9972077e-01   3.9896227e-01   8.9700832e-01   7.3509357e-01   5.6721818e-01
   3.4928881e-01   8.1456446e-01   4.1748523e-01   2.5525145e-01   7.6137477e-01   2.8391745e-01   7.9430631e-01   5.5798909e-01   1.9176167e-01
   5.2621456e-01   6.2325278e-01   2.9292656e-01   3.5818311e-01   3.5302530e-02   3.1391191e-01   7.7581246e-01   4.3833939e-01   9.0624833e-01
   7.9691518e-01   3.2826875e-01   7.0213851e-01   8.0591751e-01   2.6950001e-01   7.1827980e-01   5.9896830e-01   6.0354176e-01   5.1485642e-01
   2.7367593e-01   2.7736800e-01   2.3971318e-01   5.3892656e-01   9.9626851e-01   9.4464673e-01   5.5722102e-01   1.8099881e-01   9.9897631e-01
   2.9268360e-01   4.3437686e-01   9.5948262e-01   5.9006361e-01   4.4694590e-01   8.7788773e-02   2.9970763e-01   8.0878614e-01   3.7732867e-01
   3.4815189e-01   3.5029554e-01   3.0546220e-01   2.3114174e-01   1.5278487e-01   2.7953440e-01   5.4765725e-01   8.1905843e-01   2.0611198e-01
   8.7597287e-01   8.7775919e-01   1.5491546e-01   1.0194625e-01   8.8622818e-01   5.9615918e-01   9.9182983e-01   4.8723572e-01   7.2994670e-01
   9.3319150e-02   6.1544933e-03   5.5550842e-01   6.4464449e-01   3.1380380e-02   8.2843459e-01   4.8341297e-01   7.5505040e-01   3.1343567e-01
   2.0668041e-01   6.9644923e-01   7.9054369e-01   9.8013873e-01   1.1603494e-01   7.8215254e-01   6.8477370e-01   4.0437253e-01   1.1758093e-01
   3.0275910e-01   3.3806311e-01   4.4387229e-01   1.0172242e-01   2.5085504e-01   5.5723873e-01   4.8001683e-01   7.2567630e-01   8.8860559e-01
   3.5152239e-01   3.0498367e-01   9.9581872e-01   1.8786613e-01   7.5967495e-01   3.6276390e-02   7.4652077e-01   1.5400858e-01   6.9312290e-01
   7.2674750e-01   6.4810070e-01   4.3658670e-01   9.3853585e-03   8.9830963e-01   6.6937177e-01   2.1142243e-01   5.0907328e-01   9.3990014e-01
   8.8632527e-01   9.2114628e-01   3.0444117e-01   8.3830341e-01   2.2342049e-01   8.4898850e-01   2.4848673e-01   6.6803559e-01   4.1716732e-01
   5.1926190e-02   8.9307378e-01   2.4651034e-01   4.8134237e-01   6.7329913e-01   6.5464572e-02   9.7839080e-02   1.5257565e-01   8.1577085e-01
   7.8559181e-02   9.9717933e-01   9.6082525e-01   4.6853048e-01   8.1878581e-01   3.6076563e-01   7.0867043e-01   6.2696014e-02   8.0484269e-01
   1.4486056e-02   7.2883891e-02   2.2288096e-01   9.0854953e-01   9.4892980e-01   2.5805125e-01   8.5574592e-01   3.3711488e-01   3.6040428e-01
   1.9334013e-01   1.2961862e-01   3.9560918e-01   4.1714749e-01   8.7431533e-01   4.3259654e-01   7.8903425e-01   4.4594398e-01   9.1381414e-01
   2.6289280e-02   9.8156823e-01   2.2452455e-01   5.4413801e-01   3.9373630e-01   3.0607091e-01   7.4284255e-01   7.5764847e-01   2.8831583e-01
   4.6876585e-01   9.0242289e-02   2.7002467e-01   6.9900886e-01   9.3696232e-01   9.6658860e-01   1.0452212e-01   1.3053358e-01   1.6500186e-01
   2.4338262e-01   6.8615866e-01   4.1844148e-01   7.9050256e-02   4.3689572e-01   1.2993295e-01   5.2087491e-01   9.0151184e-01   4.5586251e-01
   9.1991687e-01   9.2896480e-01   9.9773598e-01   5.0941587e-01   1.6252250e-01   2.1743616e-01   8.4663247e-01   2.2033824e-01   2.4281732e-01
   7.1583364e-01   1.4181637e-01   9.1103040e-01   4.8689830e-01   3.0982087e-01   8.9339378e-01   8.4361315e-01   3.7855074e-01   1.9220526e-03
   4.8864573e-01   8.8441565e-01   5.5042689e-01   8.5588028e-01   6.8110942e-01   6.2170610e-01   3.7774730e-01   4.2275589e-01   6.1534288e-01
   7.8074258e-02   1.9761961e-02   5.9633582e-01   6.1440477e-01   9.3405498e-01   3.9816238e-01   2.7209536e-01   9.7268620e-01   6.6122786e-01
   5.3006611e-01   3.4268590e-01   7.9145239e-02   1.1741525e-01   9.4738923e-01   3.5608938e-01   1.2530392e-01   1.7701604e-01   6.6033643e-01
   6.6605037e-01   2.3830609e-01   5.7663604e-01   6.0687294e-01   5.9908311e-01   6.4657309e-01   6.9135254e-01   8.8227651e-01   6.8047517e-01
   6.0771262e-01   9.8456400e-01   8.9817231e-01   1.6417981e-01   9.4887414e-01   7.3309123e-01   5.5513116e-01   5.5125735e-01   8.5064967e-01
   4.1955148e-01   8.4659790e-01   4.6331057e-01   3.9902553e-01   4.0401826e-01   7.3170109e-01   8.4742319e-03   3.2149191e-01   3.7314468e-02
   1.1079765e-01   7.9451160e-01   3.9839643e-01   5.3235735e-01   4.1032444e-02   9.5817554e-01   4.1603181e-01   8.9984560e-01   6.8077520e-01
   8.1661444e-01   9.0027807e-01   1.0446111e-01   8.7521103e-01   2.9382554e-01   4.5954453e-02   4.3911821e-01   5.4211172e-01   5.7113760e-01
   2.4930458e-01   7.8010472e-01   6.5223639e-01   6.5903850e-01   3.1939487e-02   4.2436117e-01   7.8436065e-01   4.6288926e-01   6.9021478e-01
   5.0917840e-01   8.3651077e-01   9.9170001e-01   7.8762579e-01   8.6451297e-01   9.0174583e-03   8.2999749e-01   8.0797493e-01   8.9556644e-01
   8.0413267e-01   3.2109326e-01   6.7807282e-01   1.2602500e-01   4.3254639e-01   7.0380519e-01   5.8960644e-01   3.6081824e-01   2.6686229e-01
   5.0983003e-01   7.4274558e-01   4.2847759e-01   5.2497417e-01   9.2808541e-02   7.8089237e-01   1.4207404e-01   9.7100298e-01   6.8554608e-02
   3.0270000e-01   6.6449428e-01   6.5480132e-01   8.9947977e-01   1.3779169e-01   5.6484024e-01   5.9331338e-01   5.5551732e-01   3.1360146e-01
   8.6192662e-01   2.8918369e-01   5.8874553e-01   1.0908441e-01   2.4197120e-01   2.3295236e-02   7.2619280e-01   7.6981970e-01   7.8917952e-01
   5.7394318e-02   3.3737223e-01   7.4505491e-01   6.3457130e-01   2.2300904e-01   7.5639172e-03   4.2838036e-01   6.8012102e-01   4.9833982e-01
   7.3075683e-01   9.0863706e-01   6.4087029e-01   8.0846011e-02   8.6774005e-01   9.8896883e-01   2.1079206e-01   2.0519955e-01   4.3703274e-01
   9.0087969e-01   3.2250980e-02   5.0367619e-01   4.1123220e-01   7.6417670e-01   2.0164715e-01   2.6538427e-01   8.3462293e-01   1.6840570e-01
   4.6404337e-01   6.9635773e-01   9.3804148e-01   7.1263390e-01   3.4471449e-01   8.2333823e-01   9.9318376e-01   8.6546703e-01   2.6456268e-01
   4.6936397e-01   2.0876982e-01   6.0534358e-01   1.0042240e-01   3.8478018e-01   3.6095027e-01   4.8075637e-01   4.1520783e-02   6.8388158e-01
