   2.1491208e+00
   1.4706009e+00
   1.9593039e+00
   2.1342282e+00
   1.3244405e+00
   1.7769456e+00
   1.6387653e+00
   4.5176779e-01
   1.5505117e+00
   1.1207964e+00
   1.8180813e+00
   2.2846792e+00
   1.4850286e+00
   1.2970796e+00
   2.7851867e+00
   1.8934781e+00
   1.8596097e+00
   1.0024916e+00
   1.4951201e+00
   1.0678161e+00
   1.4649904e+00
   1.5728037e+00
   2.2040124e+00
   2.3468084e+00
   1.1356951e+00
   1.4360819e+00
   1.1461757e+00
   2.6652370e+00
   1.5949452e+00
   1.4791821e+00
   1.8334307e+00
   2.2445460e+00
   1.0950249e+00
   1.1043578e+00
   2.4310081e+00
   2.0922631e+00
   2.0619113e+00
   1.3658172e+00
   1.6618100e+00
   1.4958337e+00
   1.5046344e+00
   6.3003971e-01
   2.3424324e+00
   1.5072822e+00
   1.3410116e+00
   7.4814490e-01
   1.1923038e+00
   1.7604641e+00
   1.7671394e+00
   8.4548580e-01
   1.6519074e+00
   1.6868887e+00
   1.3185067e+00
   2.0194896e+00
   1.7010336e+00
   2.0299319e+00
   1.0734002e+00
   1.3359838e+00
   1.9820120e+00
   1.2422255e+00
   1.6902854e+00
   1.8974033e+00
   2.2460512e+00
   1.3522556e+00
   8.8994502e-01
   2.5262210e+00
   1.0631132e+00
   1.4040265e+00
   1.5242320e+00
   1.1299410e+00
   2.1239358e+00
   1.8444960e+00
   1.0398057e+00
   1.6731768e+00
   1.0973157e+00
   1.8339929e+00
   1.1196176e+00
   1.3153547e+00
   1.1822816e+00
   1.8275340e+00
   1.1431606e+00
   2.1017531e+00
   1.6657313e+00
   1.2108115e+00
   2.1864590e+00
   2.5980748e+00
   8.7572362e-01
   1.3945752e+00
   1.6492969e+00
   1.6911733e+00
   2.7810010e+00
   1.1276872e+00
   8.8259607e-01
   1.5111506e+00
   1.6673319e+00
   1.2835308e+00
   2.0542596e+00
   7.8017767e-01
   2.3995674e+00
   1.0015086e+00
